% time, counter and final state of rng
t        = 0;
simstep  = 0;
state = [ -2147483648, -848644783, -754891448, -1563237087, -1315498274, -1312444947, 1134096111, -1771810830, -790455315, -1037499234, -991985488, 913479371, 148351770, -579411191, 754281599, 10894842, 189539843, -1250704387, 1751335685, -1015791686, 1420535718, 583151160, 214656622, -623390058, -1978058663, 840662268, 985424219, 287740943, -1658910082, -665676340, -649743719, -1759307576, -1887447926, -144231661, -1070446136, -33863468, 1549438230, 1621321241, 577278971, 712400992, 616951872, -1908773694, -278875514, -1741816264, 1093665686, 1051224245, 272945459, -1300239309, 314701551, 992105941, 711434105, 1334920124, -105594548, -572118128, -1544241159, -364564662, 1995081327, 1892529124, 345108278, -517072404, -583035007, -1839720040, 1744109253, 1655130733, 1911874575, -1874087100, 97985304, 1458850241, 1573739307, 544750439, -1487750765, -2117424830, 1391287184, -1972311161, -1683280109, 650192466, -1342999945, -53152200, 753585173, 1395007277, 897721698, 212868847, 1589752843, 464747291, 529286072, -1258204398, -23635251, 694823298, 934306716, 845012483, -1999496717, 372041918, -770969960, -1099208848, 1481762744, -1835138954, 1383505477, 757738761, -1905302799, 1762405554, -644484922, -729503439, -1385852567, 1884066365, 479233444, -1232427486, -99237113, 45182012, 1607106913, 709051147, 2116289561, -556266214, 580727341, -1197560350, -1672488346, -907367238, -419551911, -1705821767, -143499575, -1956444095, 1425560201, -1683732519, 607417739, 54152677, -1159450283, -62405090, -1450252211, 133205848, -1084204994, -1380985212, -626696907, 519741735, -840233074, -1397700337, -601816009, 256241879, 395521281, 1849998118, 2003331507, 444665686, -305968928, -136551399, 102754800, 1761421838, 1076184855, -31731876, 273717117, -1388503551, 509635471, 1899052794, 1693820253, 1455495723, -1345974820, -1538773513, 579441320, 1562348875, -733000299, -326340693, -466125433, -1292306748, -699428826, -461765136, -327381023, -1419618240, -326244954, 1578629777, -365300025, -641987656, 1030282872, -2044287738, 176488192, -1034279114, -1030442413, -1762591420, -241301438, 1983141808, 1442548568, -1109489198, 472484409, -1758548787, -561378002, -269946658, -346685605, -1835579097, -1570937775, 1519572783, -1252595069, 1297664089, 1005105512, -1029087161, -558291623, -2095608836, -4637071, 863268322, 34376097, -2004417737, -1500493750, -703599486, -1274763210, -1464690778, -1532540768, -223943881, -852731021, 135083706, 997189041, -1286030581, -1283915067, -2042654762, -600462181, 1309482163, 703612339, 1759781617, 998396927, 1205980937, -796116232, 1778979182, -763446494, -1013035986, 1293257295, 408941870, -305293719, -1694173983, -1727772374, -418098415, -1892071761, 1043554050, -1805682212, 1562397655, 364742416, -2088653243, 857172098, -237424441, 1088093373, 201388863, -1134302272, -1668067876, 206008847, -400346585, 397746094, -1324258508, -938416463, -954166586, 781347177, -928133334, -532311136, 1064449662, -1013036427, -1996518992, 1484141681, -412588694, -701685314, 1385521215, -609530979, -602973558, 1259098680, -487264236, -369382062, -293571664, 11919595, -389924825, -2089795437, -586475188, -1461797468, 1718920664, 1943367198, -392789497, -1434572534, -1915284788, 953106971, 317773973, -713912727, 1437125308, -1372154311, -819288473, 670649691, 1287392277, -794339711, -199777274, 1416956718, -964635831, -181121958, -101314152, 1464859055, 1083293989, -47861397, 39062991, -1346421047, -1768680946, -1429325218, 1469042493, -790086223, 626323779, -1074956414, 869518893, -308898049, -1637329113, 840487798, -1221703895, 1782178885, 2018479501, -887829902, -767615947, -1265396757, -785430343, -1062562764, -312696559, 1548652739, 2001656320, -100811069, 1847580621, 1290991937, 1632106366, 350516554, 1942375524, -2090847830, 927665819, 28313364, 1876410402, -1679607214, 1298770579, -1886384243, 1342173608, 703627286, 1748037561, 2061294042, -2083296587, 1470279085, -1510445115, 492850869, 1615711202, -1107507048, 1595659705, -1298537230, 624931674, 598340286, 1217923216, 1791411582, -669830584, -271274144, 1124192440, -1522609665, -1199069211, -653155118, -401854622, 1796038346, 164401702, -413460100, 21132829, -714246060, 466087308, -2126170195, 1104866343, 177153226, 600235398, 1685206487, -1247054618, -156427511, -1152873415, 769870452, -1184297556, 1982441335, -1855407075, 817721318, -1965361007, 1555427914, -814756252, 1403863125, 990735997, -1553972947, -403709314, 1830126913, 1082688070, -1608240072, 1754938733, 362754142, 147752101, 43327692, 1617765368, -1519502572, -944887996, 787338209, -1775460909, -1131284990, 1874656244, 815073828, -1486233382, -626330931, 71156252, 795233099, 136959924, 364282443, -774596949, -1443314072, 1111629174, 1005657052, 1276361597, -995715727, -529371335, 470175927, -980628905, -1077411538, -1961929975, 1256174916, -2014708929, -1850042213, -60347780, 584058173, -17439065, -1743880989, -1693961053, 100588717, 812777727, -87390738, 737485932, 678501119, -1794194182, 740185741, -608377593, 1991267800, 976311221, -1643591695, -1563524020, 542869373, 226739751, -1607925575, -1269254816, -786850876, 1819367219, -1529930919, 512079164, 568701193, 110357594, -471557774, 637843864, -555670955, -84416446, -1605437397, 1523122145, -1892438058, -288004591, -136173379, -1507492649, -1439234721, 981853898, -1431932477, -466248253, 670780729, -313656286, -1874636231, -955328365, -1551912337, 1199668819, 1610354057, -1750837699, 354924086, 1665585358, -827385386, 2838922, -1723307674, -967860413, 1058569185, 1877357876, 1188873085, -1508796043, -1454727135, -1118199879, -960316679, -580983015, -1223022884, -1753966033, -2033586879, 2033128201, 1223039365, 1536440935, -1549053522, 815274987, -27811150, -9985209, 1997198241, 806513919, 1747794961, -1000184557, 737198244, 1931481501, -1365274390, 839407028, -895909639, 418132149, 744065167, 2057528584, -360663092, 2056133511, -1471070728, 543657861, 1828971313, 495336299, 1767591843, 1266268008, -1379386225, -179367824, -1436440579, -1550353979, 366347122, -594116790, 1426282469, 494575156, 2118198126, 1256845996, 721120626, -245120336, 1242656134, -1470756054, 1454824344, -453659472, 1573895706, -1927942790, -406473941, -21472977, 871012891, 324771105, -247901656, 1411051456, 798820063, -244787477, -1536910098, -1402018752, -349283142, -1796410134, 2003615605, 224844508, -838029838, 1092006750, -1639457899, -1558524080, 623972222, 1089459309, 1171515851, 1999607430, -1672479630, -1607871345, 1206761349, -961204827, -748169728, 266661287, 662928983, -717801836, 2141350857, 1055748976, 835364569, 1219878023, 745731912, 737400988, 70626491, 1525383404, 462323847, -432200264, 678578923, 912266662, -1429699639, 1322045800, 1053374137, -1986337905, -1714887238, 891303247, -2004777960, 479953381, -2013690926, -1000647949, 2139677587, -2025662615, -1263233975, -881913682, 215908649, -1100608844, 212021012, -444479069, 1635792041, -2012808837, 1797760961, 385178962, -1284675365, -295940294, 862382818, -1230491233, 6526821, 402481760, 1606300835, 1786811587, 234418897, 1524901940, -252331276, -159886301, 1240768187, 476913138, 784424666, -86754583, -1152944454, 634430530, -646734655, -74642010, 168113878, -369234377, -1629609482, -1640115124, 1718919901, -1244141146, 1267557355, -594193493, 548337004, -1062093992, 1123256833, -706107819, -825302290, 1166671741, 1521194099, 211682771, -1742899865, -447236363, -409470154, 430723582, -728556989, -1350269714, -1765550308, 30677018, 1 ]
